script internal name (ver:210707): multilognorlanglmfit
data-filename:anhi
this-filename:fits/anhi.fit.17
[[Definition parameters]]
ndist: 1
weight: sep
[[status]]
Fit succeeded.
[[Fit Statistics]]
    # fitting method   = leastsq
    # function evals   = 415
    # data points      = 125
    # variables        = 5
    chi-square         = 0.62091615
    reduced chi-square = 0.00517430
    Akaike info crit   = -653.109121
    Bayesian info crit = -638.967553
[[Variables]]
    N0:    4.5264e+14 +/- 2.7305e+12 (0.60%) (init = 2.478297e+15)
    mu0:   10.3746830 +/- 0.01832206 (0.18%) (init = 7.65)
    sig0:  0.43322322 +/- 0.03392223 (7.83%) (init = 1.596)
    C:    -1.0562e-06 +/- 3.3241e-09 (0.31%) (init = -2.433759e-06)
    T:     300 (fixed)
    dc:   -2.1968e-04 +/- 1.1885e-05 (5.41%) (init = -4.256141e-05)
[[Correlations]] (unreported correlations are < 0.100)
    C(mu0, sig0) = -0.9631
    C(N0, C)     = -0.7354
    C(N0, mu0)   = -0.7239
    C(N0, sig0)  = +0.5118
    C(mu0, C)    = +0.4933
    C(sig0, C)   = -0.3350
[[Derived Parameters]]
    mean-mu      = 35190.2+/-826.5 mb
    stddev       = 15989+/-1635 mb
    <mu>_mu      = 42455+/-2027 mb
    sum squares  = 4.579265e-05
    m_s          = (1.47722+/-0.03582)e-01 (units)
[[data]]
-1.900000e+04 -1.269520e-01 1.000000e-03 -1.268880e-01 
-1.800000e+04 -1.279853e-01 1.000000e-03 -1.278894e-01 
-1.700000e+04 -1.289839e-01 1.000000e-03 -1.288843e-01 
-1.600000e+04 -1.299769e-01 1.000000e-03 -1.298715e-01 
-1.500000e+04 -1.309499e-01 1.000000e-03 -1.308495e-01 
-1.400000e+04 -1.319144e-01 1.000000e-03 -1.318164e-01 
-1.300000e+04 -1.328564e-01 1.000000e-03 -1.327696e-01 
-1.200000e+04 -1.337845e-01 1.000000e-03 -1.337056e-01 
-1.100000e+04 -1.346940e-01 9.999950e-04 -1.346197e-01 
-9.999990e+03 -1.355733e-01 9.999975e-04 -1.355054e-01 
-8.999995e+03 -1.364131e-01 1.000003e-03 -1.363533e-01 
-7.999995e+03 -1.372189e-01 1.000013e-03 -1.371490e-01 
-7.000020e+03 -1.378764e-01 1.000013e-03 -1.378704e-01 
-6.000020e+03 -1.381793e-01 9.999900e-04 -1.384802e-01 
-5.000000e+03 -1.388287e-01 9.999875e-04 -1.389115e-01 
-3.999995e+03 -1.388919e-01 9.999950e-04 -1.390302e-01 
-2.999990e+03 -1.383365e-01 1.000005e-03 -1.385241e-01 
-2.000005e+03 -1.362192e-01 1.000003e-03 -1.364559e-01 
-9.999950e+02 -1.279532e-01 1.904755e-03 -1.281637e-01 
-9.500010e+02 -1.270499e-01 2.000070e-02 -1.272390e-01 
-8.999985e+02 -1.260246e-01 2.000050e-02 -1.262081e-01 
-8.500035e+02 -1.249047e-01 2.000040e-02 -1.250536e-01 
-8.000005e+02 -1.236363e-01 2.000150e-02 -1.237534e-01 
-7.500110e+02 -1.221944e-01 1.999990e-02 -1.222812e-01 
-7.000000e+02 -1.205436e-01 1.999820e-02 -1.206023e-01 
-6.500020e+02 -1.186610e-01 1.999950e-02 -1.186753e-01 
-5.999975e+02 -1.164934e-01 2.000050e-02 -1.164456e-01 
-5.500045e+02 -1.139305e-01 2.000110e-02 -1.138443e-01 
-5.000030e+02 -1.109086e-01 1.999990e-02 -1.107800e-01 
-4.500040e+02 -1.072942e-01 1.999920e-02 -1.071341e-01 
-3.999990e+02 -1.028988e-01 1.999790e-02 -1.027482e-01 
-3.499935e+02 -9.759096e-02 1.999980e-02 -9.741102e-02 
-2.999980e+02 -9.088268e-02 2.000080e-02 -9.084072e-02 
-2.499975e+02 -8.244428e-02 2.000060e-02 -8.265692e-02 
-2.000010e+02 -7.177939e-02 3.333333e-02 -7.236635e-02 
-1.899975e+02 -6.933631e-02 1.000000e-01 -7.000229e-02 
-1.800010e+02 -6.677019e-02 1.000125e-01 -6.752611e-02 
-1.700000e+02 -6.407730e-02 9.999500e-02 -6.492963e-02 
-1.600000e+02 -6.127457e-02 9.998750e-02 -6.220888e-02 
-1.499975e+02 -5.832740e-02 9.999250e-02 -5.935766e-02 
-1.399985e+02 -5.525732e-02 1.000375e-01 -5.637272e-02 
-1.300050e+02 -5.203999e-02 9.999250e-02 -5.325023e-02 
-1.199970e+02 -4.870525e-02 9.999500e-02 -4.997970e-02 
-1.100040e+02 -4.522555e-02 9.999975e-02 -4.656755e-02 
-9.999695e+01 -4.158864e-02 1.000033e-01 -4.300165e-02 
-9.000465e+01 -3.782386e-02 1.000153e-01 -3.929147e-02 
-8.000000e+01 -3.392335e-02 9.996601e-02 -3.542794e-02 
-6.999785e+01 -2.988149e-02 9.999850e-02 -3.141970e-02 
-5.999970e+01 -2.572897e-02 1.000410e-01 -2.727328e-02 
-5.000605e+01 -2.147632e-02 1.000225e-01 -2.299799e-02 
-4.000420e+01 -1.716254e-02 9.998425e-02 -1.860085e-02 
-3.000290e+01 -1.284349e-02 9.997151e-02 -1.410209e-02 
-1.999850e+01 -8.534360e-03 1.665848e-01 -9.520644e-03 
-1.799700e+01 -7.672690e-03 5.005569e-01 -8.596406e-03 
-1.600295e+01 -6.812876e-03 5.004316e-01 -7.673549e-03 
-1.400045e+01 -5.973280e-03 4.998376e-01 -6.744929e-03 
-1.200165e+01 -5.121674e-03 5.005256e-01 -5.816395e-03 
-1.000465e+01 -4.266725e-03 4.991838e-01 -4.887297e-03 
-7.995110e+00 -3.412147e-03 4.995704e-01 -3.951180e-03 
-6.001210e+00 -2.553699e-03 5.002051e-01 -3.021408e-03 
-3.996750e+00 -1.713296e-03 4.948223e-01 -2.085999e-03 
-1.959355e+00 -8.423885e-04 5.008176e-01 -1.134735e-03 
-3.280515e-03 -2.236973e-06 5.054315e-01 -2.212088e-04 
1.997660e+00 8.692549e-04 5.002544e-01 7.132692e-04 
3.994685e+00 1.735066e-03 4.995042e-01 1.645682e-03 
6.001630e+00 2.583347e-03 5.000969e-01 2.582250e-03 
7.993910e+00 3.446887e-03 5.005644e-01 3.511268e-03 
9.997120e+00 4.300492e-03 4.990655e-01 4.444438e-03 
1.200140e+01 5.168161e-03 5.003340e-01 5.376926e-03 
1.399445e+01 6.024832e-03 4.997439e-01 6.302791e-03 
1.600345e+01 6.895491e-03 4.985977e-01 7.234427e-03 
1.800570e+01 7.760367e-03 5.003440e-01 8.161075e-03 
2.000070e+01 8.617771e-03 1.667765e-01 9.082305e-03 
2.999780e+01 1.295394e-02 1.000068e-01 1.366042e-02 
3.999935e+01 1.731201e-02 9.999725e-02 1.815934e-02 
4.999835e+01 2.163672e-02 1.000123e-01 2.255530e-02 
5.999690e+01 2.589821e-02 9.996251e-02 2.683275e-02 
7.000585e+01 3.004607e-02 9.997751e-02 3.098361e-02 
8.000140e+01 3.406714e-02 1.000185e-01 3.498914e-02 
9.000215e+01 3.796163e-02 9.999950e-02 3.885117e-02 
1.000015e+02 4.173336e-02 1.000133e-01 4.256395e-02 
1.099995e+02 4.533816e-02 1.000175e-01 4.612662e-02 
1.199980e+02 4.881652e-02 1.000050e-01 4.954069e-02 
1.299985e+02 5.215079e-02 1.000175e-01 5.280880e-02 
1.399945e+02 5.535495e-02 9.998250e-02 5.593215e-02 
1.500020e+02 5.841398e-02 9.995502e-02 5.891962e-02 
1.600035e+02 6.135722e-02 1.000375e-01 6.177050e-02 
1.699945e+02 6.414927e-02 1.000125e-01 6.448881e-02 
1.800010e+02 6.682591e-02 9.998500e-02 6.708675e-02 
1.899975e+02 6.939070e-02 1.000300e-01 6.956294e-02 
1.999950e+02 7.182939e-02 3.333083e-02 7.192562e-02 
2.500020e+02 8.245388e-02 1.999960e-02 8.221839e-02 
2.999970e+02 9.086861e-02 2.000060e-02 9.040122e-02 
3.499990e+02 9.757783e-02 1.999920e-02 9.697232e-02 
4.000010e+02 1.030387e-01 1.999960e-02 1.023090e-01 
4.500010e+02 1.073974e-01 1.999950e-02 1.066946e-01 
5.000035e+02 1.109750e-01 2.000030e-02 1.103406e-01 
5.499995e+02 1.139652e-01 2.000040e-02 1.134047e-01 
6.000015e+02 1.165032e-01 1.999980e-02 1.160064e-01 
6.500005e+02 1.186835e-01 1.999970e-02 1.182359e-01 
7.000030e+02 1.205734e-01 1.999690e-02 1.201630e-01 
7.500160e+02 1.222037e-01 2.000040e-02 1.218420e-01 
8.000010e+02 1.236185e-01 2.000320e-02 1.233141e-01 
8.500000e+02 1.248707e-01 1.999900e-02 1.246142e-01 
9.000060e+02 1.260002e-01 2.000060e-02 1.257689e-01 
9.499970e+02 1.270071e-01 2.000140e-02 1.267996e-01 
9.999990e+02 1.279030e-01 1.904756e-03 1.277244e-01 
2.000000e+03 1.361727e-01 9.999545e-04 1.360165e-01 
3.000090e+03 1.382795e-01 9.999975e-04 1.380848e-01 
4.000005e+03 1.388263e-01 1.000038e-03 1.385909e-01 
5.000015e+03 1.387672e-01 1.000000e-03 1.384721e-01 
6.000005e+03 1.381027e-01 1.000003e-03 1.380409e-01 
7.000010e+03 1.374028e-01 1.000003e-03 1.374311e-01 
8.000000e+03 1.366457e-01 1.000010e-03 1.367097e-01 
8.999990e+03 1.358365e-01 1.000000e-03 1.359139e-01 
1.000000e+04 1.349768e-01 9.999950e-04 1.350661e-01 
1.100000e+04 1.340919e-01 1.000000e-03 1.341803e-01 
1.200000e+04 1.332023e-01 1.000000e-03 1.332662e-01 
1.300000e+04 1.322493e-01 1.000000e-03 1.323302e-01 
1.400000e+04 1.313037e-01 1.000000e-03 1.313771e-01 
1.500000e+04 1.303485e-01 1.000000e-03 1.304102e-01 
1.600000e+04 1.293514e-01 1.000000e-03 1.294321e-01 
1.700000e+04 1.283624e-01 1.000000e-03 1.284449e-01 
1.800000e+04 1.273562e-01 1.000000e-03 1.274500e-01 
1.900000e+04 1.263244e-01 1.000000e-03 1.264487e-01 
