script internal name (ver:210707): multilognorlanglmfit
data-filename:anhi
this-filename:fits/anhi.fit.27
[[Definition parameters]]
ndist: 1
weight: sep
[[status]]
Fit succeeded.
[[Fit Statistics]]
    # fitting method   = leastsq
    # function evals   = 932
    # data points      = 125
    # variables        = 5
    chi-square         = 0.02839275
    reduced chi-square = 2.3661e-04
    Akaike info crit   = -1038.74188
    Bayesian info crit = -1024.60031
[[Variables]]
    N0:    8.6234e+13 +/- 4.7035e+11 (0.55%) (init = 6.150763e+14)
    mu0:   10.6889339 +/- 0.00519667 (0.05%) (init = 7.65)
    sig0:  3.0076e-05 +/- 14.1330789 (46991484.71%) (init = 1.596)
    C:    -7.3519e-07 +/- 6.5180e-10 (0.09%) (init = -1.190019e-06)
    T:     300 (fixed)
    dc:   -8.0457e-07 +/- 2.5415e-06 (315.88%) (init = 1.242506e-05)
[[Correlations]] (unreported correlations are < 0.100)
    C(N0, mu0)  = -0.9964
    C(N0, C)    = -0.6755
    C(mu0, C)   = +0.6548
    C(N0, sig0) = -0.1401
[[Derived Parameters]]
    mean-mu      = 43867.7+/-228.7 mb
    stddev       = 1+/-619986 mb
    <mu>_mu      = 43867.7+/-234.7 mb
    sum squares  = 3.787344e-06
    m_s          = (3.50824+/-0.02647)e-02 (units)
[[data]]
-1.900000e+04 -2.095131e-02 1.000000e-03 -2.092663e-02 
-1.800000e+04 -2.168648e-02 1.000000e-03 -2.165137e-02 
-1.700000e+04 -2.239582e-02 1.000000e-03 -2.237489e-02 
-1.600000e+04 -2.311878e-02 1.000000e-03 -2.309694e-02 
-1.500000e+04 -2.384045e-02 1.000000e-03 -2.381725e-02 
-1.400000e+04 -2.453670e-02 1.000000e-03 -2.453543e-02 
-1.300000e+04 -2.525826e-02 1.000000e-03 -2.525099e-02 
-1.200000e+04 -2.595204e-02 1.000000e-03 -2.596329e-02 
-1.100000e+04 -2.664700e-02 9.999975e-04 -2.667142e-02 
-9.999995e+03 -2.735182e-02 9.999975e-04 -2.737414e-02 
-8.999995e+03 -2.803594e-02 9.999975e-04 -2.806964e-02 
-7.999990e+03 -2.871094e-02 1.000010e-03 -2.875523e-02 
-7.000015e+03 -2.939646e-02 1.000005e-03 -2.942662e-02 
-6.000000e+03 -3.004227e-02 9.999975e-04 -3.007678e-02 
-5.000010e+03 -3.072028e-02 1.000003e-03 -3.069291e-02 
-4.000005e+03 -3.126856e-02 9.999125e-04 -3.124952e-02 
-2.999835e+03 -3.171317e-02 9.999950e-04 -3.168713e-02 
-1.999995e+03 -3.183551e-02 1.000080e-03 -3.182699e-02 
-9.999950e+02 -3.074710e-02 1.904775e-03 -3.077635e-02 
-9.500020e+02 -3.057200e-02 2.000120e-02 -3.062515e-02 
-9.000010e+02 -3.040848e-02 2.000060e-02 -3.045304e-02 
-8.500050e+02 -3.020011e-02 1.999860e-02 -3.025638e-02 
-7.999940e+02 -2.993745e-02 1.999940e-02 -3.003047e-02 
-7.500020e+02 -2.967178e-02 2.000150e-02 -2.976964e-02 
-7.000015e+02 -2.934098e-02 2.000020e-02 -2.946624e-02 
-6.500030e+02 -2.896941e-02 2.000070e-02 -2.911071e-02 
-6.000050e+02 -2.851534e-02 1.999920e-02 -2.868992e-02 
-5.499990e+02 -2.798218e-02 2.000020e-02 -2.818640e-02 
-5.000060e+02 -2.732993e-02 2.000060e-02 -2.757621e-02 
-4.500020e+02 -2.654667e-02 1.999960e-02 -2.682560e-02 
-4.000040e+02 -2.557210e-02 1.999420e-02 -2.588729e-02 
-3.499730e+02 -2.438028e-02 1.999900e-02 -2.469300e-02 
-2.999990e+02 -2.285084e-02 2.000640e-02 -2.315117e-02 
-2.500050e+02 -2.090524e-02 2.000020e-02 -2.113361e-02 
-2.000000e+02 -1.836974e-02 3.333417e-02 -1.848533e-02 
-1.900065e+02 -1.779556e-02 9.995752e-02 -1.786619e-02 
-1.799915e+02 -1.716894e-02 9.993754e-02 -1.721287e-02 
-1.699940e+02 -1.653111e-02 1.000525e-01 -1.652692e-02 
-1.600020e+02 -1.584016e-02 1.000375e-01 -1.580676e-02 
-1.500015e+02 -1.513896e-02 1.000450e-01 -1.505073e-02 
-1.400110e+02 -1.439463e-02 1.000050e-01 -1.425981e-02 
-1.300025e+02 -1.360628e-02 9.995502e-02 -1.343157e-02 
-1.200020e+02 -1.277478e-02 9.996501e-02 -1.256828e-02 
-1.099955e+02 -1.190932e-02 9.995252e-02 -1.166927e-02 
-9.999250e+01 -1.099412e-02 1.000255e-01 -1.073567e-02 
-9.000060e+01 -1.007664e-02 1.000450e-01 -9.770974e-03 
-8.000150e+01 -9.089091e-03 9.997226e-02 -8.774004e-03 
-6.999505e+01 -8.065985e-03 9.994803e-02 -7.746891e-03 
-5.999110e+01 -7.031067e-03 1.000290e-01 -6.693207e-03 
-5.000085e+01 -5.953816e-03 1.000395e-01 -5.617149e-03 
-3.999900e+01 -4.838919e-03 9.999450e-02 -4.519322e-03 
-2.999975e+01 -3.691735e-03 1.000033e-01 -3.404913e-03 
-1.999965e+01 -2.487641e-03 1.666715e-01 -2.277490e-03 
-1.800010e+01 -2.215713e-03 4.994007e-01 -2.050873e-03 
-1.599485e+01 -1.963540e-03 4.970920e-01 -1.823292e-03 
-1.397670e+01 -1.713410e-03 5.007950e-01 -1.593962e-03 
-1.200120e+01 -1.446495e-03 5.030814e-01 -1.369235e-03 
-1.000120e+01 -1.195044e-03 4.987425e-01 -1.141510e-03 
-7.991115e+00 -9.449678e-04 5.005813e-01 -9.124595e-04 
-6.005845e+00 -7.059892e-04 5.004899e-01 -6.860960e-04 
-3.995030e+00 -4.600730e-04 4.990057e-01 -4.567131e-04 
-1.997875e+00 -2.217917e-04 5.003066e-01 -2.288176e-04 
2.518815e-03 1.544032e-05 5.009179e-01 -5.170991e-07 
1.994795e+00 2.597329e-04 5.004252e-01 2.268570e-04 
3.999120e+00 4.878976e-04 4.986916e-01 4.555706e-04 
6.005290e+00 7.283795e-04 5.006070e-01 6.844235e-04 
7.994270e+00 9.888018e-04 5.004742e-01 9.112100e-04 
1.000150e+01 1.229453e-03 4.990169e-01 1.139935e-03 
1.200215e+01 1.482052e-03 4.999000e-01 1.367734e-03 
1.400230e+01 1.745212e-03 4.995192e-01 1.595263e-03 
1.600600e+01 2.002097e-03 4.953376e-01 1.822949e-03 
1.803995e+01 2.263232e-03 5.004567e-01 2.053783e-03 
2.000235e+01 2.522383e-03 1.672220e-01 2.276187e-03 
3.000010e+01 3.762205e-03 9.999450e-02 3.403343e-03 
4.000345e+01 4.914290e-03 1.000385e-01 4.518205e-03 
4.999240e+01 6.027143e-03 9.999325e-02 5.614621e-03 
6.000480e+01 7.096231e-03 9.999025e-02 6.693058e-03 
6.999435e+01 8.147613e-03 1.000063e-01 7.745209e-03 
8.000355e+01 9.151927e-03 9.996951e-02 8.772602e-03 
9.000045e+01 1.012081e-02 1.000103e-01 9.769350e-03 
1.000015e+02 1.105558e-02 9.999975e-02 1.073492e-02 
1.100005e+02 1.195980e-02 9.998500e-02 1.166812e-02 
1.200045e+02 1.281604e-02 1.000000e-01 1.256689e-02 
1.300005e+02 1.364742e-02 1.000100e-01 1.342979e-02 
1.400025e+02 1.442790e-02 9.999000e-02 1.425751e-02 
1.500025e+02 1.516773e-02 1.000375e-01 1.504920e-02 
1.599950e+02 1.588610e-02 1.000050e-01 1.580464e-02 
1.700015e+02 1.656468e-02 9.996251e-02 1.652583e-02 
1.800025e+02 1.720483e-02 1.000250e-01 1.721200e-02 
1.899965e+02 1.781638e-02 9.997751e-02 1.786394e-02 
2.000070e+02 1.841879e-02 3.333333e-02 1.848415e-02 
2.499965e+02 2.091123e-02 2.000380e-02 2.113161e-02 
2.999880e+02 2.286629e-02 1.999560e-02 2.314918e-02 
3.500185e+02 2.439074e-02 1.999810e-02 2.469262e-02 
3.999975e+02 2.560910e-02 2.000310e-02 2.588554e-02 
4.500030e+02 2.659109e-02 1.999940e-02 2.682400e-02 
5.000005e+02 2.735815e-02 2.000110e-02 2.757453e-02 
5.499975e+02 2.800471e-02 2.000010e-02 2.818477e-02 
6.000000e+02 2.856233e-02 2.000030e-02 2.868827e-02 
6.499960e+02 2.898036e-02 1.999940e-02 2.910905e-02 
7.000030e+02 2.936341e-02 1.999860e-02 2.946464e-02 
7.500030e+02 2.968154e-02 2.000180e-02 2.976803e-02 
7.999940e+02 2.997242e-02 1.999970e-02 3.002886e-02 
8.500045e+02 3.021223e-02 1.999920e-02 3.025477e-02 
8.999980e+02 3.039485e-02 2.000080e-02 3.045142e-02 
9.500005e+02 3.059957e-02 2.000020e-02 3.062354e-02 
9.999970e+02 3.075053e-02 1.904754e-03 3.077475e-02 
2.000005e+03 3.186158e-02 9.998860e-04 3.182538e-02 
3.000225e+03 3.172486e-02 1.000010e-03 3.168539e-02 
3.999985e+03 3.129410e-02 1.000115e-03 3.124792e-02 
4.999995e+03 3.074399e-02 9.999950e-04 3.069131e-02 
5.999995e+03 3.005687e-02 1.000003e-03 3.007517e-02 
6.999990e+03 2.941255e-02 9.999975e-04 2.942503e-02 
8.000000e+03 2.872296e-02 9.999975e-04 2.875361e-02 
8.999995e+03 2.804431e-02 1.000003e-03 2.806803e-02 
9.999995e+03 2.733251e-02 9.999975e-04 2.737253e-02 
1.100000e+04 2.665258e-02 9.999975e-04 2.666981e-02 
1.200000e+04 2.594818e-02 1.000000e-03 2.596168e-02 
1.300000e+04 2.523262e-02 1.000000e-03 2.524938e-02 
1.400000e+04 2.455665e-02 1.000000e-03 2.453382e-02 
1.500000e+04 2.380343e-02 1.000000e-03 2.381564e-02 
1.600000e+04 2.309871e-02 1.000000e-03 2.309533e-02 
1.700000e+04 2.237639e-02 1.000000e-03 2.237328e-02 
1.800000e+04 2.163036e-02 1.000000e-03 2.164976e-02 
1.900000e+04 2.093769e-02 1.000000e-03 2.092502e-02 
