script internal name (ver:210707): multilognorlanglmfit
data-filename:anhi
this-filename:fits/anhi.fit.06
[[Definition parameters]]
ndist: 1
weight: sep
[[status]]
Fit succeeded.
[[Fit Statistics]]
    # fitting method   = leastsq
    # function evals   = 358
    # data points      = 125
    # variables        = 5
    chi-square         = 0.09844457
    reduced chi-square = 8.2037e-04
    Akaike info crit   = -883.321923
    Bayesian info crit = -869.180354
[[Variables]]
    N0:    1.3190e+14 +/- 1.6107e+12 (1.22%) (init = 8.182823e+14)
    mu0:   10.1155819 +/- 0.03938710 (0.39%) (init = 7.65)
    sig0:  0.88277328 +/- 0.03371993 (3.82%) (init = 1.596)
    C:    -9.4910e-07 +/- 1.5121e-09 (0.16%) (init = -1.719671e-06)
    T:     300 (fixed)
    dc:   -3.0449e-05 +/- 4.7324e-06 (15.54%) (init = -1.162111e-05)
[[Correlations]] (unreported correlations are < 0.100)
    C(mu0, sig0) = -0.9809
    C(N0, mu0)   = -0.8668
    C(N0, C)     = -0.7942
    C(N0, sig0)  = +0.7533
    C(mu0, C)    = +0.6171
    C(sig0, C)   = -0.5083
[[Derived Parameters]]
    mean-mu      = 36506+/-1802 mb
    stddev       = 39654+/-3706 mb
    <mu>_mu      = 79580+/-7767 mb
    sum squares  = 3.836497e-04
    m_s          = (4.4656+/-0.2271)e-02 (units)
[[data]]
-1.900000e+04 -2.638259e-02 1.000000e-03 -2.636615e-02 
-1.800000e+04 -2.732338e-02 1.000000e-03 -2.729928e-02 
-1.700000e+04 -2.826680e-02 1.000000e-03 -2.823054e-02 
-1.600000e+04 -2.918796e-02 1.000000e-03 -2.915956e-02 
-1.500000e+04 -3.009190e-02 1.000000e-03 -3.008590e-02 
-1.400000e+04 -3.101741e-02 1.000000e-03 -3.100899e-02 
-1.300000e+04 -3.193563e-02 1.000000e-03 -3.192808e-02 
-1.200000e+04 -3.283725e-02 1.000000e-03 -3.284216e-02 
-1.100000e+04 -3.374555e-02 1.000000e-03 -3.374988e-02 
-1.000000e+04 -3.463745e-02 1.000005e-03 -3.464933e-02 
-9.000010e+03 -3.550051e-02 1.000008e-03 -3.553773e-02 
-8.000015e+03 -3.637115e-02 9.999950e-04 -3.641098e-02 
-7.000000e+03 -3.719281e-02 9.999950e-04 -3.726259e-02 
-6.000005e+03 -3.802945e-02 1.000003e-03 -3.808173e-02 
-5.000005e+03 -3.886771e-02 9.999975e-04 -3.884900e-02 
-4.000000e+03 -3.954747e-02 1.000015e-03 -3.952573e-02 
-3.000035e+03 -4.006791e-02 1.000003e-03 -4.002237e-02 
-2.000005e+03 -4.012844e-02 9.999815e-04 -4.007550e-02 
-9.999980e+02 -3.832955e-02 1.904748e-03 -3.845344e-02 
-9.499975e+02 -3.806093e-02 2.000090e-02 -3.824270e-02 
-9.000025e+02 -3.776660e-02 1.999970e-02 -3.800629e-02 
-8.499960e+02 -3.747034e-02 1.999910e-02 -3.774019e-02 
-7.999980e+02 -3.709049e-02 2.000100e-02 -3.743970e-02 
-7.500010e+02 -3.669746e-02 1.999970e-02 -3.709896e-02 
-6.999965e+02 -3.624686e-02 1.999930e-02 -3.671064e-02 
-6.499975e+02 -3.572520e-02 2.000130e-02 -3.626579e-02 
-6.000030e+02 -3.515880e-02 2.000100e-02 -3.575293e-02 
-5.500025e+02 -3.451943e-02 1.999930e-02 -3.515721e-02 
-4.999995e+02 -3.379615e-02 1.999880e-02 -3.445933e-02 
-4.499965e+02 -3.297125e-02 1.999940e-02 -3.363362e-02 
-3.999965e+02 -3.201426e-02 2.000040e-02 -3.264513e-02 
-3.499985e+02 -3.096517e-02 2.000030e-02 -3.144497e-02 
-2.999980e+02 -2.971609e-02 1.999960e-02 -2.996257e-02 
-2.499965e+02 -2.822874e-02 2.000150e-02 -2.809263e-02 
-2.000055e+02 -2.642682e-02 3.332972e-02 -2.567085e-02 
-1.899900e+02 -2.599535e-02 9.999500e-02 -2.509794e-02 
-1.800045e+02 -2.557206e-02 1.000826e-01 -2.449148e-02 
-1.700065e+02 -2.509949e-02 9.996002e-02 -2.384568e-02 
-1.599965e+02 -2.461437e-02 9.995502e-02 -2.315674e-02 
-1.499975e+02 -2.405051e-02 1.000325e-01 -2.242202e-02 
-1.400030e+02 -2.350981e-02 1.000075e-01 -2.163639e-02 
-1.299990e+02 -2.291122e-02 1.000075e-01 -2.079328e-02 
-1.200045e+02 -2.225939e-02 1.000000e-01 -1.988805e-02 
-1.099990e+02 -2.154200e-02 9.995752e-02 -1.891165e-02 
-9.999600e+01 -2.076184e-02 1.000168e-01 -1.785698e-02 
-9.000235e+01 -1.990307e-02 1.000173e-01 -1.671530e-02 
-7.999945e+01 -1.892152e-02 9.995627e-02 -1.547322e-02 
-6.999360e+01 -1.783386e-02 1.000335e-01 -1.411821e-02 
-6.000615e+01 -1.655013e-02 1.000515e-01 -1.263812e-02 
-5.000390e+01 -1.504362e-02 9.999425e-02 -1.101023e-02 
-4.000500e+01 -1.323126e-02 9.998000e-02 -9.216837e-03 
-2.999990e+01 -1.108201e-02 9.998550e-02 -7.233682e-03 
-2.000210e+01 -8.327457e-03 1.667264e-01 -5.041808e-03 
-1.800420e+01 -7.670138e-03 5.000125e-01 -4.577219e-03 
-1.600220e+01 -6.949895e-03 4.993010e-01 -4.102719e-03 
-1.399860e+01 -6.188708e-03 4.996315e-01 -3.618953e-03 
-1.199925e+01 -5.344521e-03 5.001482e-01 -3.127537e-03 
-9.999785e+00 -4.502937e-03 4.997220e-01 -2.627747e-03 
-7.997025e+00 -3.666515e-03 4.996640e-01 -2.119262e-03 
-5.997095e+00 -2.724005e-03 4.996939e-01 -1.604368e-03 
-3.994575e+00 -1.822063e-03 4.993982e-01 -1.082726e-03 
-1.992275e+00 -9.235071e-04 5.007150e-01 -5.565424e-04 
-2.868150e-04 5.142527e-06 5.005249e-01 -3.052470e-05 
2.003530e+00 9.438069e-04 5.010514e-01 4.986117e-04 
3.991320e+00 1.875230e-03 5.006878e-01 1.020976e-03 
5.998035e+00 2.798799e-03 4.990811e-01 1.543714e-03 
7.998685e+00 3.679704e-03 5.000744e-01 2.058789e-03 
9.997440e+00 4.620631e-03 4.987886e-01 2.566258e-03 
1.200840e+01 5.454047e-03 4.995242e-01 3.068908e-03 
1.400125e+01 6.246848e-03 5.014982e-01 3.558701e-03 
1.599645e+01 7.006202e-03 5.007323e-01 4.040446e-03 
1.799540e+01 7.694483e-03 4.994506e-01 4.514255e-03 
2.000085e+01 8.362431e-03 1.666444e-01 4.980622e-03 
2.999700e+01 1.112458e-02 1.000375e-01 7.172180e-03 
3.999335e+01 1.326990e-02 1.000173e-01 9.153744e-03 
4.999355e+01 1.507904e-02 9.996751e-02 1.094757e-02 
5.999985e+01 1.654987e-02 1.000040e-01 1.257624e-02 
6.999275e+01 1.780815e-02 9.998450e-02 1.405720e-02 
8.000295e+01 1.891276e-02 9.997875e-02 1.541277e-02 
8.999700e+01 1.986819e-02 1.000233e-01 1.665376e-02 
9.999830e+01 2.073076e-02 1.000025e-01 1.779634e-02 
1.099965e+02 2.150556e-02 1.000165e-01 1.885050e-02 
1.199950e+02 2.220940e-02 1.000125e-01 1.982626e-02 
1.299940e+02 2.286811e-02 9.994753e-02 2.073195e-02 
1.400055e+02 2.347357e-02 1.000050e-01 2.157570e-02 
1.499930e+02 2.404362e-02 1.000350e-01 2.236078e-02 
1.599985e+02 2.455476e-02 9.998000e-02 2.309598e-02 
1.699970e+02 2.504442e-02 1.000100e-01 2.378415e-02 
1.799965e+02 2.551022e-02 1.000125e-01 2.443008e-02 
1.899945e+02 2.596072e-02 9.999500e-02 2.503731e-02 
1.999975e+02 2.636912e-02 3.332639e-02 2.560950e-02 
2.500070e+02 2.819584e-02 1.999950e-02 2.803217e-02 
3.000000e+02 2.967064e-02 1.999940e-02 2.990174e-02 
3.500100e+02 3.091557e-02 2.000040e-02 3.138437e-02 
3.999980e+02 3.201264e-02 2.000220e-02 3.258426e-02 
4.499990e+02 3.295212e-02 1.999930e-02 3.357276e-02 
5.000015e+02 3.378005e-02 1.999980e-02 3.439846e-02 
5.500000e+02 3.449281e-02 2.000000e-02 3.509628e-02 
6.000015e+02 3.511771e-02 2.000020e-02 3.569202e-02 
6.499990e+02 3.570759e-02 2.000050e-02 3.620490e-02 
6.999990e+02 3.621538e-02 1.999890e-02 3.664976e-02 
7.500045e+02 3.667955e-02 1.999940e-02 3.703809e-02 
8.000020e+02 3.708633e-02 2.000260e-02 3.737883e-02 
8.499915e+02 3.741964e-02 2.000120e-02 3.767926e-02 
8.999960e+02 3.773128e-02 1.999840e-02 3.794536e-02 
9.499995e+02 3.802459e-02 2.000000e-02 3.818181e-02 
9.999960e+02 3.824898e-02 1.904761e-03 3.839253e-02 
2.000000e+03 4.010465e-02 9.999880e-04 4.001460e-02 
3.000020e+03 4.002793e-02 1.000008e-03 3.996148e-02 
3.999985e+03 3.948816e-02 1.000013e-03 3.946484e-02 
4.999995e+03 3.884848e-02 9.999900e-04 3.878811e-02 
6.000005e+03 3.799757e-02 9.999975e-04 3.802083e-02 
7.000000e+03 3.715577e-02 9.999975e-04 3.720169e-02 
8.000010e+03 3.631498e-02 9.999975e-04 3.635009e-02 
9.000005e+03 3.544838e-02 1.000008e-03 3.547684e-02 
9.999995e+03 3.455051e-02 1.000003e-03 3.458843e-02 
1.100000e+04 3.367439e-02 9.999975e-04 3.368898e-02 
1.200000e+04 3.278026e-02 1.000000e-03 3.278126e-02 
1.300000e+04 3.185283e-02 1.000000e-03 3.186718e-02 
1.400000e+04 3.095779e-02 1.000000e-03 3.094809e-02 
1.500000e+04 3.001478e-02 1.000000e-03 3.002500e-02 
1.600000e+04 2.909443e-02 1.000000e-03 2.909866e-02 
1.700000e+04 2.816903e-02 1.000000e-03 2.816964e-02 
1.800000e+04 2.725547e-02 1.000000e-03 2.723839e-02 
1.900000e+04 2.630395e-02 1.000000e-03 2.630526e-02 
