script internal name (ver:210707): multilognorlanglmfit
data-filename:anhi
this-filename:fits/anhi.fit.26
[[Definition parameters]]
ndist: 1
weight: sep
[[status]]
Fit succeeded.
[[Fit Statistics]]
    # fitting method   = leastsq
    # function evals   = 407
    # data points      = 125
    # variables        = 5
    chi-square         = 0.04577276
    reduced chi-square = 3.8144e-04
    Akaike info crit   = -979.047471
    Bayesian info crit = -964.905903
[[Variables]]
    N0:    1.5552e+14 +/- 7.6692e+11 (0.49%) (init = 9.539095e+14)
    mu0:   10.3999219 +/- 0.01563292 (0.15%) (init = 7.65)
    sig0:  0.54098867 +/- 0.02315061 (4.28%) (init = 1.596)
    C:    -9.3309e-07 +/- 9.1322e-10 (0.10%) (init = -1.612264e-06)
    T:     300 (fixed)
    dc:    1.4979e-04 +/- 3.2269e-06 (2.15%) (init = 0.0001031795)
[[Correlations]] (unreported correlations are < 0.100)
    C(mu0, sig0) = -0.9679
    C(N0, mu0)   = -0.7428
    C(N0, C)     = -0.7419
    C(N0, sig0)  = +0.5508
    C(mu0, C)    = +0.5079
    C(sig0, C)   = -0.3610
[[Derived Parameters]]
    mean-mu      = 38034.8+/-761.9 mb
    stddev       = 22178+/-1416 mb
    <mu>_mu      = 50967+/-2074 mb
    sum squares  = 4.039384e-06
    m_s          = (5.4858+/-0.1132)e-02 (units)
[[data]]
-1.900000e+04 -3.663981e-02 1.000000e-03 -3.664031e-02 
-1.800000e+04 -3.756165e-02 1.000000e-03 -3.755456e-02 
-1.700000e+04 -3.848029e-02 1.000000e-03 -3.846660e-02 
-1.600000e+04 -3.939961e-02 1.000000e-03 -3.937601e-02 
-1.500000e+04 -4.030883e-02 1.000000e-03 -4.028226e-02 
-1.400000e+04 -4.116777e-02 1.000000e-03 -4.118468e-02 
-1.300000e+04 -4.207272e-02 1.000000e-03 -4.208238e-02 
-1.200000e+04 -4.294078e-02 1.000000e-03 -4.297418e-02 
-1.100000e+04 -4.383019e-02 1.000000e-03 -4.385847e-02 
-1.000000e+04 -4.472427e-02 1.000000e-03 -4.473301e-02 
-9.000000e+03 -4.554903e-02 9.999975e-04 -4.559453e-02 
-7.999995e+03 -4.637631e-02 9.999925e-04 -4.643816e-02 
-6.999985e+03 -4.720903e-02 1.000005e-03 -4.725623e-02 
-6.000005e+03 -4.801641e-02 1.000013e-03 -4.803594e-02 
-5.000010e+03 -4.880330e-02 1.000000e-03 -4.875432e-02 
-4.000005e+03 -4.950514e-02 9.999975e-04 -4.936534e-02 
-3.000005e+03 -4.977107e-02 1.000000e-03 -4.976168e-02 
-2.000005e+03 -4.962330e-02 9.999933e-04 -4.962157e-02 
-9.999915e+02 -4.735756e-02 1.904733e-03 -4.735314e-02 
-9.499890e+02 -4.701544e-02 2.000110e-02 -4.706638e-02 
-8.999970e+02 -4.669049e-02 2.000300e-02 -4.674390e-02 
-8.500040e+02 -4.635795e-02 2.000060e-02 -4.637972e-02 
-8.000000e+02 -4.590951e-02 1.999960e-02 -4.596651e-02 
-7.500020e+02 -4.543641e-02 1.999930e-02 -4.549542e-02 
-6.999965e+02 -4.492290e-02 1.999930e-02 -4.495512e-02 
-6.499985e+02 -4.429437e-02 2.000140e-02 -4.433164e-02 
-6.000035e+02 -4.358728e-02 1.999980e-02 -4.360688e-02 
-5.499975e+02 -4.271223e-02 1.999810e-02 -4.275723e-02 
-4.999940e+02 -4.176106e-02 2.000140e-02 -4.175225e-02 
-4.500045e+02 -4.050057e-02 2.000150e-02 -4.055150e-02 
-4.000015e+02 -3.907524e-02 1.999550e-02 -3.909929e-02 
-3.499820e+02 -3.734459e-02 2.000040e-02 -3.731969e-02 
-3.000035e+02 -3.514670e-02 2.000320e-02 -3.510974e-02 
-2.499980e+02 -3.237378e-02 1.999870e-02 -3.231770e-02 
-1.999970e+02 -2.879083e-02 3.333361e-02 -2.873261e-02 
-1.899985e+02 -2.794164e-02 1.000325e-01 -2.789591e-02 
-1.800035e+02 -2.706737e-02 9.999750e-02 -2.701324e-02 
-1.699980e+02 -2.615920e-02 9.997251e-02 -2.608021e-02 
-1.599980e+02 -2.517630e-02 1.000300e-01 -2.509503e-02 
-1.500040e+02 -2.414350e-02 1.000075e-01 -2.405438e-02 
-1.399995e+02 -2.304835e-02 9.998000e-02 -2.295294e-02 
-1.300000e+02 -2.191174e-02 1.000100e-01 -2.178866e-02 
-1.200015e+02 -2.071990e-02 1.000125e-01 -2.055734e-02 
-1.100025e+02 -1.945725e-02 9.999750e-02 -1.925503e-02 
-1.000010e+02 -1.809708e-02 1.000000e-01 -1.787779e-02 
-9.000250e+01 -1.668905e-02 9.997176e-02 -1.642297e-02 
-7.999535e+01 -1.517945e-02 9.998300e-02 -1.488590e-02 
-6.999910e+01 -1.364428e-02 1.000290e-01 -1.326750e-02 
-6.000115e+01 -1.197767e-02 9.997601e-02 -1.156489e-02 
-4.999430e+01 -1.023400e-02 1.000178e-01 -9.777534e-03 
-4.000470e+01 -8.403839e-03 1.000493e-01 -7.913456e-03 
-3.000415e+01 -6.489905e-03 9.996226e-02 -5.974054e-03 
-1.999715e+01 -4.490844e-03 1.666188e-01 -3.970909e-03 
-1.800070e+01 -4.067958e-03 5.001751e-01 -3.565105e-03 
-1.599855e+01 -3.639986e-03 4.997501e-01 -3.156424e-03 
-1.399870e+01 -3.212342e-03 5.002439e-01 -2.746657e-03 
-1.200050e+01 -2.781344e-03 4.998713e-01 -2.335849e-03 
-9.997670e+00 -2.334674e-03 4.998875e-01 -1.922885e-03 
-7.999600e+00 -1.894505e-03 5.002695e-01 -1.509890e-03 
-5.999825e+00 -1.451041e-03 4.998800e-01 -1.095722e-03 
-3.998640e+00 -1.000929e-03 5.004579e-01 -6.806418e-04 
-2.003485e+00 -5.236778e-04 5.006022e-01 -2.663974e-04 
-3.451720e-03 1.153368e-05 5.000794e-01 1.490687e-04 
1.995880e+00 5.548604e-04 5.000529e-01 5.643894e-04 
3.996125e+00 1.035074e-03 4.994450e-01 9.796914e-04 
6.000325e+00 1.490937e-03 4.994325e-01 1.395397e-03 
8.000670e+00 1.939347e-03 5.005957e-01 1.809683e-03 
9.995565e+00 2.390000e-03 5.005531e-01 2.222022e-03 
1.199625e+01 2.834404e-03 5.000831e-01 2.634546e-03 
1.399490e+01 3.269611e-03 4.993508e-01 3.045449e-03 
1.600145e+01 3.699262e-03 4.993384e-01 3.456588e-03 
1.800020e+01 4.135094e-03 5.001125e-01 3.864575e-03 
2.000055e+01 4.555940e-03 1.666410e-01 4.271170e-03 
3.000205e+01 6.574434e-03 9.999950e-02 6.273211e-03 
4.000065e+01 8.487813e-03 1.000085e-01 8.212257e-03 
5.000035e+01 1.037220e-02 1.000138e-01 1.007821e-02 
5.999790e+01 1.210549e-02 9.998475e-02 1.186390e-02 
7.000340e+01 1.375763e-02 9.999575e-02 1.356778e-02 
7.999875e+01 1.532504e-02 9.999850e-02 1.518601e-02 
9.000370e+01 1.682818e-02 1.000008e-01 1.672272e-02 
9.999860e+01 1.824556e-02 1.000210e-01 1.817702e-02 
1.099995e+02 1.959785e-02 1.000055e-01 1.955420e-02 
1.199975e+02 2.087699e-02 9.996751e-02 2.085640e-02 
1.300060e+02 2.206795e-02 1.000000e-01 2.208895e-02 
1.399975e+02 2.322290e-02 1.000400e-01 2.325229e-02 
1.499980e+02 2.429135e-02 9.999500e-02 2.435331e-02 
1.599985e+02 2.533223e-02 9.998500e-02 2.539465e-02 
1.700010e+02 2.632067e-02 9.999750e-02 2.638007e-02 
1.799990e+02 2.723261e-02 1.000025e-01 2.731240e-02 
1.900005e+02 2.814251e-02 1.000125e-01 2.819566e-02 
1.999965e+02 2.895767e-02 3.332972e-02 2.903214e-02 
2.500070e+02 3.257679e-02 1.999910e-02 3.261784e-02 
3.000010e+02 3.537143e-02 2.000050e-02 3.540918e-02 
3.500045e+02 3.757864e-02 2.000110e-02 3.762015e-02 
3.999955e+02 3.937688e-02 2.000060e-02 3.939866e-02 
4.500015e+02 4.079708e-02 1.999990e-02 4.085100e-02 
4.999960e+02 4.200388e-02 1.999940e-02 4.205187e-02 
5.500045e+02 4.300796e-02 1.999920e-02 4.305693e-02 
6.000000e+02 4.386242e-02 2.000100e-02 4.390639e-02 
6.499995e+02 4.458087e-02 2.000060e-02 4.463123e-02 
6.999970e+02 4.517320e-02 1.999920e-02 4.525470e-02 
7.500035e+02 4.573679e-02 1.999880e-02 4.579500e-02 
8.000030e+02 4.621854e-02 2.000080e-02 4.626610e-02 
8.499995e+02 4.661515e-02 2.000120e-02 4.667926e-02 
8.999970e+02 4.699777e-02 1.999970e-02 4.704347e-02 
9.500010e+02 4.734087e-02 2.000010e-02 4.736602e-02 
9.999965e+02 4.760416e-02 1.904773e-03 4.765274e-02 
1.999995e+03 4.988339e-02 9.999533e-04 4.992113e-02 
3.000090e+03 5.007405e-02 9.999925e-04 5.006123e-02 
4.000010e+03 4.968058e-02 1.000043e-03 4.966491e-02 
5.000005e+03 4.908175e-02 1.000005e-03 4.905389e-02 
6.000000e+03 4.835796e-02 1.000003e-03 4.833552e-02 
7.000000e+03 4.755612e-02 1.000003e-03 4.755579e-02 
7.999995e+03 4.671922e-02 1.000000e-03 4.673773e-02 
9.000000e+03 4.585951e-02 9.999975e-04 4.589410e-02 
1.000000e+04 4.498777e-02 1.000000e-03 4.503258e-02 
1.100000e+04 4.414748e-02 1.000000e-03 4.415805e-02 
1.200000e+04 4.331913e-02 1.000000e-03 4.327375e-02 
1.300000e+04 4.236000e-02 1.000000e-03 4.238195e-02 
1.400000e+04 4.148447e-02 1.000000e-03 4.148425e-02 
1.500000e+04 4.059825e-02 1.000000e-03 4.058184e-02 
1.600000e+04 3.967553e-02 1.000000e-03 3.967558e-02 
1.700000e+04 3.876990e-02 1.000000e-03 3.876617e-02 
1.800000e+04 3.787184e-02 1.000000e-03 3.785413e-02 
1.900000e+04 3.696078e-02 1.000000e-03 3.693988e-02 
