script internal name (ver:210707): multilognorlanglmfit
data-filename:anhi
this-filename:fits/anhi.fit.16
[[Definition parameters]]
ndist: 1
weight: sep
[[status]]
Fit succeeded.
[[Fit Statistics]]
    # fitting method   = leastsq
    # function evals   = 487
    # data points      = 125
    # variables        = 5
    chi-square         = 0.03401526
    reduced chi-square = 2.8346e-04
    Akaike info crit   = -1016.15747
    Bayesian info crit = -1002.01590
[[Variables]]
    N0:    1.5381e+14 +/- 6.0345e+11 (0.39%) (init = 9.561631e+14)
    mu0:   10.5117476 +/- 0.01190815 (0.11%) (init = 7.65)
    sig0:  0.34416936 +/- 0.02806763 (8.16%) (init = 1.596)
    C:    -1.2121e-06 +/- 7.6149e-10 (0.06%) (init = -1.843317e-06)
    T:     300 (fixed)
    dc:   -4.6015e-05 +/- 2.7818e-06 (6.05%) (init = -2.062579e-05)
[[Correlations]] (unreported correlations are < 0.100)
    C(mu0, sig0) = -0.9608
    C(N0, C)     = -0.7224
    C(N0, mu0)   = -0.6990
    C(mu0, C)    = +0.4743
    C(N0, sig0)  = +0.4735
    C(sig0, C)   = -0.3112
[[Derived Parameters]]
    mean-mu      = 38986.6+/-597.8 mb
    stddev       = 13825+/-1339 mb
    <mu>_mu      = 43889+/-1375 mb
    sum squares  = 1.702202e-06
    m_s          = (5.56102+/-0.08802)e-02 (units)
[[data]]
-1.900000e+04 -3.230488e-02 1.000000e-03 -3.229109e-02 
-1.800000e+04 -3.350549e-02 1.000000e-03 -3.348456e-02 
-1.700000e+04 -3.469827e-02 1.000000e-03 -3.467585e-02 
-1.600000e+04 -3.588831e-02 1.000000e-03 -3.586452e-02 
-1.500000e+04 -3.706799e-02 1.000000e-03 -3.705008e-02 
-1.400000e+04 -3.822754e-02 1.000000e-03 -3.823184e-02 
-1.300000e+04 -3.941148e-02 1.000000e-03 -3.940894e-02 
-1.200000e+04 -4.056870e-02 1.000000e-03 -4.058020e-02 
-1.100000e+04 -4.171667e-02 1.000000e-03 -4.174404e-02 
-1.000000e+04 -4.286047e-02 9.999950e-04 -4.289823e-02 
-8.999990e+03 -4.398831e-02 1.000005e-03 -4.403956e-02 
-8.000010e+03 -4.511748e-02 1.000008e-03 -4.516316e-02 
-7.000005e+03 -4.623425e-02 9.999950e-04 -4.626150e-02 
-6.000000e+03 -4.731951e-02 9.999975e-04 -4.732193e-02 
-5.000000e+03 -4.840538e-02 1.000000e-03 -4.832169e-02 
-4.000000e+03 -4.926382e-02 9.999950e-04 -4.921527e-02 
-2.999990e+03 -4.990833e-02 9.999975e-04 -4.989652e-02 
-1.999995e+03 -5.002591e-02 1.000004e-03 -5.004689e-02 
-9.999970e+02 -4.802225e-02 1.904775e-03 -4.807522e-02 
-9.500020e+02 -4.773872e-02 2.000180e-02 -4.780125e-02 
-9.000060e+02 -4.743830e-02 1.992131e-02 -4.749037e-02 
-8.496070e+02 -4.705773e-02 1.999820e-02 -4.713318e-02 
-7.999970e+02 -4.665732e-02 2.007841e-02 -4.673079e-02 
-7.499975e+02 -4.620081e-02 2.000080e-02 -4.626443e-02 
-7.000010e+02 -4.566910e-02 2.000080e-02 -4.572459e-02 
-6.500015e+02 -4.504024e-02 2.000040e-02 -4.509528e-02 
-6.000030e+02 -4.429166e-02 1.999930e-02 -4.435592e-02 
-5.499980e+02 -4.341158e-02 1.999880e-02 -4.347937e-02 
-4.999970e+02 -4.235497e-02 2.000060e-02 -4.243003e-02 
-4.500010e+02 -4.110313e-02 2.000040e-02 -4.116005e-02 
-3.999990e+02 -3.953789e-02 1.999700e-02 -3.960432e-02 
-3.499860e+02 -3.762119e-02 2.000040e-02 -3.767422e-02 
-3.000010e+02 -3.519355e-02 2.000430e-02 -3.525124e-02 
-2.500075e+02 -3.212762e-02 1.999960e-02 -3.217200e-02 
-1.999990e+02 -2.818057e-02 3.323916e-02 -2.822475e-02 
-1.898375e+02 -2.725361e-02 1.000250e-01 -2.729442e-02 
-1.800040e+02 -2.631260e-02 1.008065e-01 -2.634802e-02 
-1.699975e+02 -2.532388e-02 9.998000e-02 -2.533630e-02 
-1.600000e+02 -2.425864e-02 1.000100e-01 -2.427444e-02 
-1.499995e+02 -2.314947e-02 9.998500e-02 -2.315926e-02 
-1.399970e+02 -2.199268e-02 1.000300e-01 -2.198906e-02 
-1.300055e+02 -2.077651e-02 9.996251e-02 -2.076390e-02 
-1.199895e+02 -1.951665e-02 9.997501e-02 -1.947807e-02 
-1.100005e+02 -1.818215e-02 1.000325e-01 -1.813741e-02 
-9.999600e+01 -1.681325e-02 9.998300e-02 -1.673602e-02 
-8.999710e+01 -1.538832e-02 1.000490e-01 -1.527711e-02 
-8.000580e+01 -1.390106e-02 1.000380e-01 -1.376220e-02 
-7.000470e+01 -1.236958e-02 9.998150e-02 -1.219064e-02 
-6.000210e+01 -1.078466e-02 9.995402e-02 -1.056666e-02 
-4.999550e+01 -9.122660e-03 9.999125e-02 -8.893984e-03 
-4.000035e+01 -7.447819e-03 1.000405e-01 -7.180610e-03 
-3.000360e+01 -5.712814e-03 1.000238e-01 -5.430960e-03 
-2.000510e+01 -3.877264e-03 1.666340e-01 -3.652759e-03 
-1.800125e+01 -3.505412e-03 4.986536e-01 -3.293742e-03 
-1.599430e+01 -3.100475e-03 5.000625e-01 -2.933459e-03 
-1.400175e+01 -2.704155e-03 5.002752e-01 -2.575132e-03 
-1.199650e+01 -2.313224e-03 4.999631e-01 -2.213965e-03 
-1.000145e+01 -1.921892e-03 5.006258e-01 -1.854161e-03 
-8.001500e+00 -1.528223e-03 4.999319e-01 -1.493073e-03 
-6.000910e+00 -1.155025e-03 5.001175e-01 -1.131550e-03 
-4.002440e+00 -7.658322e-04 4.990462e-01 -7.701703e-04 
-1.993265e+00 -3.903145e-04 5.001270e-01 -4.066934e-04 
-3.455680e-03 -1.895585e-05 5.008678e-01 -4.663998e-05 
1.999805e+00 3.549005e-04 5.004610e-01 3.158473e-04 
3.992860e+00 7.284430e-04 5.001763e-01 6.764082e-04 
5.998395e+00 1.112480e-03 4.996752e-01 1.039066e-03 
7.995460e+00 1.498078e-03 5.003459e-01 1.399952e-03 
9.995630e+00 1.892573e-03 4.993459e-01 1.761080e-03 
1.200070e+01 2.288485e-03 4.993982e-01 2.122693e-03 
1.400045e+01 2.696797e-03 4.993259e-01 2.482868e-03 
1.600610e+01 3.090773e-03 4.998063e-01 2.843549e-03 
1.800200e+01 3.481667e-03 5.013034e-01 3.201847e-03 
1.999570e+01 3.878862e-03 1.667222e-01 3.559047e-03 
2.999800e+01 5.719970e-03 9.996201e-02 5.337942e-03 
4.000330e+01 7.458414e-03 9.997076e-02 7.089092e-03 
5.000385e+01 9.151240e-03 9.999875e-02 8.803369e-03 
6.000355e+01 1.077892e-02 1.000310e-01 1.047487e-02 
6.999765e+01 1.237589e-02 9.999650e-02 1.209748e-02 
8.000425e+01 1.390767e-02 1.000045e-01 1.366993e-02 
8.999675e+01 1.538741e-02 1.000285e-01 1.518503e-02 
9.999855e+01 1.681907e-02 9.998875e-02 1.664435e-02 
1.099990e+02 1.819496e-02 1.000178e-01 1.804518e-02 
1.199950e+02 1.951920e-02 9.995502e-02 1.938676e-02 
1.300080e+02 2.077570e-02 9.995502e-02 2.067218e-02 
1.400040e+02 2.197378e-02 1.000726e-01 2.189787e-02 
1.499935e+02 2.312784e-02 1.000450e-01 2.306655e-02 
1.599950e+02 2.424277e-02 9.997001e-02 2.418187e-02 
1.699995e+02 2.528140e-02 9.992006e-02 2.524448e-02 
1.800110e+02 2.628221e-02 1.000000e-01 2.625668e-02 
1.899995e+02 2.724521e-02 1.000325e-01 2.721760e-02 
2.000045e+02 2.814338e-02 3.333417e-02 2.813321e-02 
2.499980e+02 3.208403e-02 2.000130e-02 3.207931e-02 
2.999980e+02 3.515541e-02 1.999650e-02 3.515905e-02 
3.500155e+02 3.756918e-02 2.000060e-02 3.758346e-02 
3.999950e+02 3.952296e-02 2.000210e-02 3.951215e-02 
4.500050e+02 4.108709e-02 2.000030e-02 4.106813e-02 
4.999935e+02 4.235681e-02 2.000120e-02 4.233792e-02 
5.499990e+02 4.338891e-02 1.999730e-02 4.338736e-02 
6.000070e+02 4.426941e-02 1.999990e-02 4.426396e-02 
6.499995e+02 4.498445e-02 2.000160e-02 4.500323e-02 
6.999990e+02 4.562876e-02 2.000040e-02 4.563254e-02 
7.499975e+02 4.617297e-02 2.000000e-02 4.617240e-02 
7.999990e+02 4.663414e-02 2.000010e-02 4.663878e-02 
8.499970e+02 4.703628e-02 1.999970e-02 4.704410e-02 
9.000005e+02 4.738303e-02 1.999900e-02 4.739831e-02 
9.500020e+02 4.768984e-02 2.000120e-02 4.770922e-02 
9.999945e+02 4.796280e-02 1.904756e-03 4.798318e-02 
2.000005e+03 4.995548e-02 9.999873e-04 4.995487e-02 
3.000020e+03 4.983415e-02 9.999975e-04 4.980447e-02 
4.000010e+03 4.917510e-02 1.000010e-03 4.912323e-02 
5.000000e+03 4.828089e-02 9.999975e-04 4.822966e-02 
6.000015e+03 4.725000e-02 1.000000e-03 4.722989e-02 
7.000000e+03 4.613892e-02 1.000010e-03 4.616948e-02 
7.999995e+03 4.503659e-02 1.000000e-03 4.507114e-02 
9.000000e+03 4.391016e-02 9.999975e-04 4.394752e-02 
1.000000e+04 4.276606e-02 1.000000e-03 4.280620e-02 
1.100000e+04 4.163628e-02 1.000000e-03 4.165201e-02 
1.200000e+04 4.046829e-02 1.000000e-03 4.048817e-02 
1.300000e+04 3.930823e-02 1.000000e-03 3.931691e-02 
1.400000e+04 3.813659e-02 1.000000e-03 3.813981e-02 
1.500000e+04 3.696067e-02 1.000000e-03 3.695805e-02 
1.600000e+04 3.578506e-02 1.000000e-03 3.577249e-02 
1.700000e+04 3.458039e-02 1.000000e-03 3.458382e-02 
1.800000e+04 3.340600e-02 1.000000e-03 3.339254e-02 
1.900000e+04 3.221596e-02 1.000000e-03 3.219906e-02 
