script internal name (ver:210707): multilognorlanglmfit
data-filename:anhi
this-filename:fits/anhi.fit.36
[[Definition parameters]]
ndist: 1
weight: sep
[[status]]
Fit succeeded.
[[Fit Statistics]]
    # fitting method   = leastsq
    # function evals   = 620
    # data points      = 125
    # variables        = 5
    chi-square         = 0.05919313
    reduced chi-square = 4.9328e-04
    Akaike info crit   = -946.907942
    Bayesian info crit = -932.766374
[[Variables]]
    N0:    7.7813e+13 +/- 7.5732e+11 (0.97%) (init = 1.107936e+15)
    mu0:   11.0122911 +/- 0.03364818 (0.31%) (init = 7.65)
    sig0:  0.65619494 +/- 0.04248280 (6.47%) (init = 1.596)
    C:    -9.6616e-07 +/- 9.8303e-10 (0.10%) (init = -2.451734e-06)
    T:     300 (fixed)
    dc:   -1.7716e-05 +/- 3.6696e-06 (20.71%) (init = 1.324699e-05)
[[Correlations]] (unreported correlations are < 0.100)
    C(mu0, sig0) = -0.9696
    C(N0, C)     = -0.7080
    C(N0, mu0)   = -0.6957
    C(N0, sig0)  = +0.4986
    C(mu0, C)    = +0.4676
    C(sig0, C)   = -0.3263
[[Derived Parameters]]
    mean-mu      = 75176+/-3285 mb
    stddev       = 55149+/-6215 mb
    <mu>_mu      = 115633+/-10424 mb
    sum squares  = 2.512022e-05
    m_s          = (5.4250+/-0.2429)e-02 (units)
[[data]]
-1.900000e+04 -3.569020e-02 1.000000e-03 -3.574088e-02 
-1.800000e+04 -3.667794e-02 1.000000e-03 -3.669761e-02 
-1.700000e+04 -3.764941e-02 1.000000e-03 -3.765324e-02 
-1.600000e+04 -3.862784e-02 1.000000e-03 -3.860754e-02 
-1.500000e+04 -3.959206e-02 1.000000e-03 -3.956027e-02 
-1.400000e+04 -4.054520e-02 1.000000e-03 -4.051108e-02 
-1.300000e+04 -4.150069e-02 1.000000e-03 -4.145953e-02 
-1.200000e+04 -4.244284e-02 1.000000e-03 -4.240502e-02 
-1.100000e+04 -4.338029e-02 9.999950e-04 -4.334676e-02 
-9.999990e+03 -4.430745e-02 1.000005e-03 -4.428363e-02 
-9.000010e+03 -4.521559e-02 1.000008e-03 -4.521396e-02 
-8.000005e+03 -4.613569e-02 9.999975e-04 -4.613535e-02 
-7.000005e+03 -4.702775e-02 1.000005e-03 -4.704396e-02 
-6.000015e+03 -4.791559e-02 9.999950e-04 -4.793337e-02 
-4.999995e+03 -4.882314e-02 9.999875e-04 -4.879212e-02 
-3.999990e+03 -4.958284e-02 9.999525e-04 -4.959713e-02 
-2.999900e+03 -5.022175e-02 1.000008e-03 -5.029477e-02 
-2.000005e+03 -5.064235e-02 1.000046e-03 -5.072377e-02 
-9.999925e+02 -5.012108e-02 1.904757e-03 -5.008070e-02 
-9.500025e+02 -5.000510e-02 2.000110e-02 -4.996007e-02 
-8.999980e+02 -4.990569e-02 2.000180e-02 -4.982080e-02 
-8.500115e+02 -4.976480e-02 2.000060e-02 -4.965974e-02 
-8.000010e+02 -4.959784e-02 1.999920e-02 -4.947275e-02 
-7.500075e+02 -4.938735e-02 2.000150e-02 -4.925491e-02 
-7.000085e+02 -4.918862e-02 1.999690e-02 -4.899972e-02 
-6.499920e+02 -4.892010e-02 1.999940e-02 -4.869875e-02 
-6.000055e+02 -4.861853e-02 2.000130e-02 -4.834135e-02 
-5.499985e+02 -4.823803e-02 1.999880e-02 -4.791250e-02 
-4.999995e+02 -4.776117e-02 2.000040e-02 -4.739231e-02 
-4.500005e+02 -4.719068e-02 2.000070e-02 -4.675251e-02 
-4.000030e+02 -4.645098e-02 1.999550e-02 -4.595239e-02 
-3.499780e+02 -4.548552e-02 1.999980e-02 -4.493050e-02 
-3.000020e+02 -4.416889e-02 2.000420e-02 -4.359417e-02 
-2.499990e+02 -4.224678e-02 2.000010e-02 -4.178787e-02 
-2.000025e+02 -3.943240e-02 3.333333e-02 -3.924740e-02 
-1.899990e+02 -3.871911e-02 9.998250e-02 -3.861387e-02 
-1.799990e+02 -3.792431e-02 9.999000e-02 -3.792744e-02 
-1.699970e+02 -3.709605e-02 9.999250e-02 -3.718140e-02 
-1.599975e+02 -3.618725e-02 1.000250e-01 -3.636871e-02 
-1.500020e+02 -3.518978e-02 1.000175e-01 -3.548105e-02 
-1.400010e+02 -3.410174e-02 9.998500e-02 -3.450761e-02 
-1.299990e+02 -3.292822e-02 1.000150e-01 -3.343711e-02 
-1.200040e+02 -3.163301e-02 1.000250e-01 -3.225682e-02 
-1.100040e+02 -3.021371e-02 9.998025e-02 -3.094925e-02 
-1.000000e+02 -2.865751e-02 9.996826e-02 -2.949527e-02 
-8.999765e+01 -2.695511e-02 1.000075e-01 -2.787298e-02 
-8.000155e+01 -2.505011e-02 9.998075e-02 -2.605647e-02 
-6.999380e+01 -2.294224e-02 9.998375e-02 -2.401038e-02 
-5.999830e+01 -2.058124e-02 1.000243e-01 -2.170204e-02 
-4.999865e+01 -1.794241e-02 1.000168e-01 -1.908437e-02 
-4.000165e+01 -1.501810e-02 1.000115e-01 -1.611027e-02 
-3.000095e+01 -1.176447e-02 9.997900e-02 -1.272759e-02 
-1.999745e+01 -8.129223e-03 1.666292e-01 -8.896152e-03 
-1.799825e+01 -7.371146e-03 5.002877e-01 -8.075495e-03 
-1.599975e+01 -6.594279e-03 5.004254e-01 -7.237313e-03 
-1.400165e+01 -5.800892e-03 5.001375e-01 -6.382058e-03 
-1.200085e+01 -4.999710e-03 5.002314e-01 -5.509183e-03 
-1.000350e+01 -4.180410e-03 4.992592e-01 -4.622487e-03 
-7.994915e+00 -3.363606e-03 4.992368e-01 -3.716835e-03 
-5.997385e+00 -2.525647e-03 5.005324e-01 -2.804155e-03 
-3.999170e+00 -1.676994e-03 5.005475e-01 -1.881512e-03 
-2.001760e+00 -8.397582e-04 4.997533e-01 -9.524114e-04 
2.804745e-03 2.798516e-05 4.995641e-01 -1.640531e-05 
2.001730e+00 9.001762e-04 5.012393e-01 9.169658e-04 
3.992915e+00 1.752427e-03 5.004585e-01 1.843180e-03 
5.998065e+00 2.602056e-03 4.985902e-01 2.769036e-03 
8.004225e+00 3.439851e-03 5.000244e-01 3.685631e-03 
9.997870e+00 4.268181e-03 4.997845e-01 4.584536e-03 
1.200595e+01 5.087050e-03 4.996215e-01 5.475997e-03 
1.400090e+01 5.900037e-03 5.007323e-01 6.346303e-03 
1.600010e+01 6.701635e-03 4.999875e-01 7.202030e-03 
1.800100e+01 7.487117e-03 4.993197e-01 8.041204e-03 
2.000555e+01 8.251765e-03 1.666688e-01 8.864009e-03 
3.000085e+01 1.189977e-02 1.000505e-01 1.269212e-02 
3.999545e+01 1.515545e-02 1.000045e-01 1.607288e-02 
4.999995e+01 1.808509e-02 9.999050e-02 1.904930e-02 
5.999735e+01 2.070602e-02 1.000273e-01 2.166638e-02 
6.999450e+01 2.303781e-02 9.998775e-02 2.397510e-02 
7.999980e+01 2.513724e-02 9.994178e-02 2.602070e-02 
9.000615e+01 2.702594e-02 1.000110e-01 2.783901e-02 
9.999760e+01 2.873470e-02 1.000458e-01 2.945947e-02 
1.099970e+02 3.029457e-02 9.999050e-02 3.091285e-02 
1.199995e+02 3.169848e-02 1.000100e-01 3.222083e-02 
1.299950e+02 3.297608e-02 9.998750e-02 3.340123e-02 
1.400020e+02 3.415754e-02 9.999000e-02 3.447228e-02 
1.499970e+02 3.521843e-02 1.000175e-01 3.544516e-02 
1.599985e+02 3.622304e-02 1.000050e-01 3.633337e-02 
1.699960e+02 3.713118e-02 9.997501e-02 3.714589e-02 
1.800035e+02 3.796273e-02 9.999500e-02 3.789233e-02 
1.899970e+02 3.874519e-02 1.000400e-01 3.857830e-02 
1.999955e+02 3.945211e-02 3.333472e-02 3.921154e-02 
2.499945e+02 4.226467e-02 1.999870e-02 4.175224e-02 
3.000020e+02 4.417156e-02 1.999810e-02 4.355874e-02 
3.500040e+02 4.548880e-02 2.000030e-02 4.489567e-02 
4.000005e+02 4.646118e-02 2.000030e-02 4.591691e-02 
4.500025e+02 4.720362e-02 1.999970e-02 4.671710e-02 
5.000020e+02 4.776970e-02 1.999900e-02 4.735691e-02 
5.500075e+02 4.823686e-02 2.000120e-02 4.787715e-02 
5.999960e+02 4.860902e-02 2.000150e-02 4.830585e-02 
6.500000e+02 4.891804e-02 1.999940e-02 4.866337e-02 
6.999990e+02 4.919088e-02 1.999960e-02 4.896424e-02 
7.500020e+02 4.939794e-02 1.999990e-02 4.921946e-02 
7.999995e+02 4.960451e-02 2.000050e-02 4.943731e-02 
8.499995e+02 4.977088e-02 2.000010e-02 4.962427e-02 
8.999990e+02 4.989863e-02 1.999990e-02 4.978537e-02 
9.500000e+02 5.001451e-02 2.000140e-02 4.992463e-02 
9.999920e+02 5.011647e-02 1.904753e-03 5.004526e-02 
2.000005e+03 5.064019e-02 9.999235e-04 5.068834e-02 
3.000145e+03 5.021459e-02 9.999975e-04 5.025919e-02 
4.000010e+03 4.956922e-02 1.000073e-03 4.956169e-02 
5.000000e+03 4.880706e-02 1.000003e-03 4.875668e-02 
6.000005e+03 4.790225e-02 9.999975e-04 4.789795e-02 
7.000005e+03 4.700824e-02 1.000008e-03 4.700853e-02 
7.999990e+03 4.610735e-02 1.000003e-03 4.609994e-02 
9.000000e+03 4.518431e-02 9.999975e-04 4.517853e-02 
9.999995e+03 4.428696e-02 1.000000e-03 4.424819e-02 
1.100000e+04 4.334735e-02 9.999975e-04 4.331133e-02 
1.200000e+04 4.240441e-02 1.000000e-03 4.236959e-02 
1.300000e+04 4.144676e-02 1.000000e-03 4.142409e-02 
1.400000e+04 4.049176e-02 1.000000e-03 4.047565e-02 
1.500000e+04 3.953529e-02 1.000000e-03 3.952484e-02 
1.600000e+04 3.855588e-02 1.000000e-03 3.857211e-02 
1.700000e+04 3.759461e-02 1.000000e-03 3.761780e-02 
1.800000e+04 3.658765e-02 1.000000e-03 3.666218e-02 
1.900000e+04 3.564657e-02 1.000000e-03 3.570545e-02 
