script internal name (ver:210707): multilognorlanglmfit
data-filename:anhi
this-filename:fits/anhi.fit.39
[[Definition parameters]]
ndist: 1
weight: sep
[[status]]
Fit succeeded.
[[Fit Statistics]]
    # fitting method   = leastsq
    # function evals   = 980
    # data points      = 125
    # variables        = 5
    chi-square         = 0.07005658
    reduced chi-square = 5.8380e-04
    Akaike info crit   = -925.845718
    Bayesian info crit = -911.704150
[[Variables]]
    N0:    9.1701e+13 +/- 7.3605e+11 (0.80%) (init = 1.240649e+15)
    mu0:   11.1820095 +/- 0.02524474 (0.23%) (init = 7.65)
    sig0:  0.18487090 +/- 0.11469978 (62.04%) (init = 1.596)
    C:    -8.4089e-07 +/- 1.0234e-09 (0.12%) (init = -2.39737e-06)
    T:     300 (fixed)
    dc:    2.6537e-06 +/- 3.9921e-06 (150.44%) (init = 2.143865e-05)
[[Correlations]] (unreported correlations are < 0.100)
    C(mu0, sig0) = -0.9579
    C(N0, C)     = -0.6754
    C(N0, mu0)   = -0.6293
    C(mu0, C)    = +0.4101
    C(N0, sig0)  = +0.3797
    C(sig0, C)   = -0.2431
[[Derived Parameters]]
    mean-mu      = 73065+/-2409 mb
    stddev       = 13624+/-8893 mb
    <mu>_mu      = 75605+/-5174 mb
    sum squares  = 4.352272e-05
    m_s          = (6.2137+/-0.2108)e-02 (units)
[[data]]
-1.900000e+04 -4.590060e-02 1.000000e-03 -4.595717e-02 
-1.800000e+04 -4.678078e-02 1.000000e-03 -4.678696e-02 
-1.700000e+04 -4.763118e-02 1.000000e-03 -4.761544e-02 
-1.600000e+04 -4.845926e-02 1.000000e-03 -4.844236e-02 
-1.500000e+04 -4.930000e-02 1.000000e-03 -4.926743e-02 
-1.400000e+04 -5.011942e-02 1.000000e-03 -5.009023e-02 
-1.300000e+04 -5.094631e-02 1.000000e-03 -5.091025e-02 
-1.200000e+04 -5.176036e-02 1.000000e-03 -5.172680e-02 
-1.100000e+04 -5.256633e-02 1.000000e-03 -5.253891e-02 
-1.000000e+04 -5.336096e-02 1.000000e-03 -5.334528e-02 
-9.000000e+03 -5.414532e-02 9.999950e-04 -5.414397e-02 
-7.999990e+03 -5.492620e-02 1.000008e-03 -5.493211e-02 
-7.000015e+03 -5.568904e-02 1.000005e-03 -5.570516e-02 
-6.000000e+03 -5.644502e-02 9.999925e-04 -5.645563e-02 
-5.000000e+03 -5.721364e-02 1.000000e-03 -5.716992e-02 
-4.000000e+03 -5.781414e-02 9.999900e-04 -5.782091e-02 
-2.999980e+03 -5.827729e-02 1.000003e-03 -5.834530e-02 
-2.000005e+03 -5.846155e-02 1.000009e-03 -5.855317e-02 
-9.999985e+02 -5.748775e-02 1.904769e-03 -5.749502e-02 
-9.500090e+02 -5.733098e-02 2.000030e-02 -5.733720e-02 
-9.000000e+02 -5.717590e-02 1.999880e-02 -5.715711e-02 
-8.500030e+02 -5.697540e-02 2.000010e-02 -5.695093e-02 
-8.000005e+02 -5.675378e-02 2.000070e-02 -5.671369e-02 
-7.500065e+02 -5.650129e-02 1.999890e-02 -5.643927e-02 
-6.999950e+02 -5.620677e-02 1.999880e-02 -5.611952e-02 
-6.500005e+02 -5.586036e-02 2.000080e-02 -5.574423e-02 
-5.999990e+02 -5.545786e-02 1.999880e-02 -5.529934e-02 
-5.499945e+02 -5.496982e-02 2.000100e-02 -5.476588e-02 
-5.000040e+02 -5.437978e-02 2.000220e-02 -5.411758e-02 
-4.500055e+02 -5.366294e-02 2.000080e-02 -5.331595e-02 
-4.000080e+02 -5.274870e-02 1.999740e-02 -5.230412e-02 
-3.499925e+02 -5.160357e-02 1.999850e-02 -5.099302e-02 
-3.000005e+02 -5.003425e-02 2.000290e-02 -4.924015e-02 
-2.500070e+02 -4.784970e-02 2.000020e-02 -4.680163e-02 
-2.000015e+02 -4.441962e-02 3.333056e-02 -4.325042e-02 
-1.900020e+02 -4.350387e-02 9.997501e-02 -4.234873e-02 
-1.799965e+02 -4.248445e-02 9.999500e-02 -4.136570e-02 
-1.700010e+02 -4.134990e-02 1.000150e-01 -4.029416e-02 
-1.599995e+02 -4.009210e-02 9.997751e-02 -3.912282e-02 
-1.499965e+02 -3.869440e-02 1.000125e-01 -3.784169e-02 
-1.400020e+02 -3.714004e-02 1.000100e-01 -3.644104e-02 
-1.299985e+02 -3.539700e-02 1.000025e-01 -3.490675e-02 
-1.200025e+02 -3.348007e-02 9.998000e-02 -3.322936e-02 
-1.099945e+02 -3.134352e-02 1.000050e-01 -3.139363e-02 
-1.000035e+02 -2.901573e-02 1.000228e-01 -2.939379e-02 
-8.999905e+01 -2.647206e-02 9.998625e-02 -2.721394e-02 
-8.000075e+01 -2.374142e-02 1.000253e-01 -2.485056e-02 
-7.000410e+01 -2.087489e-02 9.995727e-02 -2.229857e-02 
-5.999220e+01 -1.795248e-02 9.999150e-02 -1.955367e-02 
-5.000240e+01 -1.505167e-02 1.000425e-01 -1.663262e-02 
-4.000070e+01 -1.220142e-02 9.997925e-02 -1.353890e-02 
-2.999825e+01 -9.381118e-03 9.999300e-02 -1.029618e-02 
-1.999930e+01 -6.458889e-03 1.667083e-01 -6.934406e-03 
-1.800125e+01 -5.857294e-03 5.005882e-01 -6.251249e-03 
-1.600400e+01 -5.244221e-03 4.998126e-01 -5.565283e-03 
-1.399975e+01 -4.627787e-03 4.999188e-01 -4.874138e-03 
-1.200335e+01 -3.994114e-03 4.997276e-01 -4.183266e-03 
-9.997570e+00 -3.364954e-03 4.995548e-01 -3.487039e-03 
-7.999785e+00 -2.710836e-03 4.999563e-01 -2.791827e-03 
-5.997220e+00 -2.057186e-03 4.991832e-01 -2.093536e-03 
-3.993240e+00 -1.383731e-03 4.997283e-01 -1.393683e-03 
-1.995045e+00 -7.018664e-04 5.003374e-01 -6.951410e-04 
4.062615e-03 1.259349e-05 5.002370e-01 4.074780e-06 
2.003060e+00 7.351629e-04 5.000360e-01 7.032513e-04 
4.003775e+00 1.421286e-03 5.010265e-01 1.402672e-03 
5.994865e+00 2.103366e-03 5.005462e-01 2.098021e-03 
7.999410e+00 2.771098e-03 5.000388e-01 2.797004e-03 
9.994555e+00 3.414721e-03 5.000450e-01 3.491299e-03 
1.199905e+01 4.060004e-03 4.989404e-01 4.187083e-03 
1.400305e+01 4.701561e-03 4.996066e-01 4.880586e-03 
1.600220e+01 5.314585e-03 5.003690e-01 5.569971e-03 
1.800010e+01 5.931985e-03 5.004629e-01 6.256162e-03 
1.999850e+01 6.541175e-03 1.666882e-01 6.939441e-03 
2.999855e+01 9.476142e-03 9.996901e-02 1.030159e-02 
4.000470e+01 1.230933e-02 9.998325e-02 1.354547e-02 
5.000190e+01 1.517270e-02 1.000140e-01 1.663777e-02 
6.000190e+01 1.806487e-02 1.000005e-01 1.956172e-02 
7.000180e+01 2.099183e-02 1.000165e-01 2.230327e-02 
7.999860e+01 2.386671e-02 9.999975e-02 2.485534e-02 
9.000185e+01 2.658474e-02 9.998725e-02 2.721988e-02 
1.000011e+02 2.911193e-02 1.000518e-01 2.939860e-02 
1.099915e+02 3.144182e-02 1.000283e-01 3.139837e-02 
1.199955e+02 3.356160e-02 9.996501e-02 3.323344e-02 
1.299985e+02 3.547320e-02 9.997501e-02 3.491205e-02 
1.400005e+02 3.720457e-02 1.000225e-01 3.644613e-02 
1.499940e+02 3.874202e-02 1.000025e-01 3.784666e-02 
1.600000e+02 4.013951e-02 9.998750e-02 3.912819e-02 
1.699965e+02 4.138714e-02 1.000125e-01 4.029896e-02 
1.799975e+02 4.251533e-02 9.997251e-02 4.137111e-02 
1.900020e+02 4.351931e-02 9.999750e-02 4.235404e-02 
1.999980e+02 4.444698e-02 3.333278e-02 4.325542e-02 
2.500030e+02 4.785155e-02 2.000090e-02 4.680670e-02 
2.999935e+02 5.008287e-02 2.000160e-02 4.924517e-02 
3.499950e+02 5.164617e-02 1.999800e-02 5.099840e-02 
4.000035e+02 5.281255e-02 1.999920e-02 5.230932e-02 
4.499990e+02 5.371514e-02 2.000110e-02 5.332114e-02 
4.999980e+02 5.442599e-02 2.000060e-02 5.412280e-02 
5.499960e+02 5.501005e-02 1.999960e-02 5.477121e-02 
6.000000e+02 5.549362e-02 1.999820e-02 5.530465e-02 
6.500050e+02 5.589392e-02 2.000180e-02 5.574957e-02 
6.999910e+02 5.623715e-02 2.000170e-02 5.612480e-02 
7.499965e+02 5.653954e-02 1.999840e-02 5.644451e-02 
7.999990e+02 5.678576e-02 1.999950e-02 5.671899e-02 
8.499990e+02 5.700936e-02 1.999940e-02 5.695622e-02 
9.000020e+02 5.719333e-02 2.000000e-02 5.716242e-02 
9.499990e+02 5.736604e-02 2.000080e-02 5.734248e-02 
9.999980e+02 5.751315e-02 1.904760e-03 5.750033e-02 
2.000000e+03 5.849312e-02 1.000009e-03 5.855848e-02 
2.999980e+03 5.831713e-02 9.999975e-04 5.835061e-02 
4.000005e+03 5.783347e-02 9.999900e-04 5.782621e-02 
5.000000e+03 5.724711e-02 1.000003e-03 5.717523e-02 
6.000000e+03 5.647490e-02 9.999950e-04 5.646094e-02 
7.000010e+03 5.572161e-02 1.000000e-03 5.571047e-02 
8.000000e+03 5.494980e-02 1.000005e-03 5.493741e-02 
9.000000e+03 5.417002e-02 1.000000e-03 5.414927e-02 
1.000000e+04 5.338048e-02 1.000000e-03 5.335058e-02 
1.100000e+04 5.256713e-02 1.000000e-03 5.254422e-02 
1.200000e+04 5.175448e-02 1.000000e-03 5.173210e-02 
1.300000e+04 5.094432e-02 1.000000e-03 5.091556e-02 
1.400000e+04 5.011305e-02 1.000000e-03 5.009554e-02 
1.500000e+04 4.928466e-02 1.000000e-03 4.927273e-02 
1.600000e+04 4.843177e-02 1.000000e-03 4.844767e-02 
1.700000e+04 4.758376e-02 1.000000e-03 4.762074e-02 
1.800000e+04 4.673924e-02 1.000000e-03 4.679226e-02 
1.900000e+04 4.587998e-02 1.000000e-03 4.596248e-02 
