script internal name (ver:210707): multilognorlanglmfit
data-filename:anhi
this-filename:fits/anhi.fit.29
[[Definition parameters]]
ndist: 1
weight: sep
[[status]]
Fit succeeded.
[[Fit Statistics]]
    # fitting method   = leastsq
    # function evals   = 1082
    # data points      = 125
    # variables        = 5
    chi-square         = 0.03184784
    reduced chi-square = 2.6540e-04
    Akaike info crit   = -1024.38743
    Bayesian info crit = -1010.24586
[[Variables]]
    N0:    1.1257e+13 +/- 4.3884e+11 (3.90%) (init = 2.733884e+14)
    mu0:   11.7259322 +/- 0.03842928 (0.33%) (init = 7.65)
    sig0:  2.7883e-06 +/- 4.69914721 (168528350.58%) (init = 1.596)
    C:    -8.2491e-07 +/- 6.5694e-10 (0.08%) (init = -1.225086e-06)
    T:     300 (fixed)
    dc:    7.4416e-06 +/- 2.6917e-06 (36.17%) (init = 2.711506e-05)
[[Correlations]] (unreported correlations are < 0.100)
    C(N0, mu0)   = -0.9999
    C(N0, C)     = -0.6326
    C(mu0, C)    = +0.6244
    C(mu0, sig0) = -0.2663
    C(N0, sig0)  = +0.2661
    C(sig0, C)   = -0.1562
[[Derived Parameters]]
    mean-mu      = 123739+/-4755 mb
    stddev       = 0+/-581466 mb
    <mu>_mu      = 123739+/-4755 mb
    sum squares  = 1.934210e-05
    m_s          = (1.29178+/-0.07071)e-02 (units)
[[data]]
-1.900000e+04 2.756115e-03 1.000000e-03 2.787480e-03 
-1.800000e+04 1.941302e-03 1.000000e-03 1.963932e-03 
-1.700000e+04 1.130474e-03 1.000000e-03 1.140544e-03 
-1.600000e+04 3.062050e-04 1.000000e-03 3.173474e-04 
-1.500000e+04 -5.194376e-04 1.000000e-03 -5.056210e-04 
-1.400000e+04 -1.342694e-03 1.000000e-03 -1.328312e-03 
-1.300000e+04 -2.151270e-03 1.000000e-03 -2.150661e-03 
-1.200000e+04 -2.971463e-03 1.000000e-03 -2.972584e-03 
-1.100000e+04 -3.793129e-03 1.000000e-03 -3.793963e-03 
-1.000000e+04 -4.607182e-03 1.000003e-03 -4.614635e-03 
-9.000005e+03 -5.390288e-03 1.000005e-03 -5.434362e-03 
-8.000010e+03 -6.226115e-03 9.999950e-04 -6.252793e-03 
-6.999995e+03 -7.031667e-03 1.000003e-03 -7.069391e-03 
-6.000015e+03 -7.853945e-03 1.000010e-03 -7.883185e-03 
-5.000015e+03 -8.691223e-03 9.999975e-04 -8.692555e-03 
-4.000010e+03 -9.495264e-03 9.999500e-04 -9.494159e-03 
-2.999915e+03 -1.029330e-02 9.999975e-04 -1.028029e-02 
-2.000005e+03 -1.106571e-02 1.000042e-03 -1.102743e-02 
-9.999980e+02 -1.162530e-02 1.904759e-03 -1.161923e-02 
-9.500035e+02 -1.163597e-02 2.000060e-02 -1.163593e-02 
-9.000010e+02 -1.163963e-02 1.999840e-02 -1.164991e-02 
-8.499955e+02 -1.162958e-02 2.000040e-02 -1.166069e-02 
-8.000030e+02 -1.162990e-02 2.000150e-02 -1.166765e-02 
-7.500030e+02 -1.159107e-02 1.999990e-02 -1.167004e-02 
-7.000025e+02 -1.156303e-02 1.999780e-02 -1.166688e-02 
-6.499920e+02 -1.153406e-02 1.999700e-02 -1.165689e-02 
-5.999875e+02 -1.149200e-02 2.000190e-02 -1.163836e-02 
-5.500015e+02 -1.142652e-02 2.000190e-02 -1.160897e-02 
-4.999970e+02 -1.132706e-02 1.999880e-02 -1.156544e-02 
-4.499955e+02 -1.121599e-02 2.000210e-02 -1.150308e-02 
-4.000075e+02 -1.107121e-02 2.000200e-02 -1.141484e-02 
-3.500055e+02 -1.086927e-02 1.999880e-02 -1.128957e-02 
-3.000015e+02 -1.059579e-02 1.999930e-02 -1.110879e-02 
-2.500020e+02 -1.020916e-02 1.999890e-02 -1.083922e-02 
-1.999960e+02 -9.688213e-03 3.333250e-02 -1.041458e-02 
-1.900005e+02 -9.541850e-03 9.998250e-02 -1.030048e-02 
-1.799925e+02 -9.394902e-03 1.000075e-01 -1.017280e-02 
-1.700020e+02 -9.228322e-03 1.000125e-01 -1.002971e-02 
-1.599950e+02 -9.055273e-03 9.998250e-02 -9.867986e-03 
-1.499985e+02 -8.853103e-03 1.000400e-01 -9.684735e-03 
-1.400030e+02 -8.632278e-03 1.000075e-01 -9.475765e-03 
-1.300000e+02 -8.364913e-03 9.997751e-02 -9.235953e-03 
-1.199985e+02 -8.094849e-03 1.000075e-01 -8.959543e-03 
-1.100015e+02 -7.788546e-03 9.999325e-02 -8.639536e-03 
-9.999715e+01 -7.440953e-03 9.999825e-02 -8.267146e-03 
-9.000115e+01 -7.048172e-03 1.000195e-01 -7.833353e-03 
-8.000105e+01 -6.608583e-03 1.000000e-01 -7.327080e-03 
-7.000115e+01 -6.110572e-03 1.000188e-01 -6.737583e-03 
-6.000480e+01 -5.547132e-03 1.000093e-01 -6.054919e-03 
-5.000300e+01 -4.905121e-03 9.999250e-02 -5.270615e-03 
-4.000330e+01 -4.173483e-03 9.998950e-02 -4.381957e-03 
-3.000090e+01 -3.323198e-03 9.996651e-02 -3.392258e-03 
-1.999660e+01 -2.339519e-03 1.666715e-01 -2.314293e-03 
-1.800125e+01 -2.114969e-03 5.008264e-01 -2.090531e-03 
-1.600320e+01 -1.897014e-03 5.000688e-01 -1.864033e-03 
-1.400180e+01 -1.675061e-03 4.997689e-01 -1.634950e-03 
-1.200135e+01 -1.441699e-03 4.990101e-01 -1.404019e-03 
-9.993865e+00 -1.201115e-03 4.984840e-01 -1.170569e-03 
-7.989185e+00 -9.595837e-04 5.009650e-01 -9.360080e-04 
-6.001570e+00 -7.227476e-04 5.004222e-01 -7.023005e-04 
-3.992560e+00 -4.665810e-04 5.000175e-01 -4.652037e-04 
-2.001710e+00 -2.160324e-04 5.003628e-01 -2.296695e-04 
4.539555e-03 4.408172e-05 5.004917e-01 7.979444e-06 
1.994360e+00 2.898301e-04 5.009241e-01 2.436824e-04 
3.997160e+00 5.385685e-04 4.988850e-01 4.806306e-04 
6.003300e+00 7.979085e-04 4.997433e-01 7.173875e-04 
7.999215e+00 1.042528e-03 4.997252e-01 9.520679e-04 
1.000550e+01 1.285569e-03 5.004899e-01 1.186809e-03 
1.199530e+01 1.522304e-03 5.004629e-01 1.418201e-03 
1.400180e+01 1.759158e-03 4.991452e-01 1.649833e-03 
1.600215e+01 1.979364e-03 4.985293e-01 1.878796e-03 
1.801360e+01 2.203837e-03 5.005256e-01 2.106807e-03 
1.999795e+01 2.419026e-03 1.668767e-01 2.329327e-03 
2.999850e+01 3.415656e-03 9.996851e-02 3.406893e-03 
4.000425e+01 4.258650e-03 1.000218e-01 4.396929e-03 
4.999415e+01 4.981171e-03 1.000135e-01 5.284758e-03 
6.000155e+01 5.641077e-03 9.911392e-02 6.069564e-03 
7.017295e+01 6.191793e-03 1.000048e-01 6.763355e-03 
8.000060e+01 6.688520e-03 1.008720e-01 7.341939e-03 
9.000005e+01 7.127936e-03 1.000310e-01 7.848185e-03 
9.999440e+01 7.522549e-03 9.997276e-02 8.281918e-03 
1.100055e+02 7.861232e-03 1.000145e-01 8.654557e-03 
1.199915e+02 8.166185e-03 1.000075e-01 8.974218e-03 
1.300040e+02 8.450227e-03 9.997251e-02 9.250939e-03 
1.399970e+02 8.704875e-03 1.000125e-01 9.490514e-03 
1.500015e+02 8.925256e-03 1.000000e-01 9.699677e-03 
1.599970e+02 9.146429e-03 1.000150e-01 9.882904e-03 
1.699985e+02 9.312769e-03 9.996501e-02 1.004454e-02 
1.800040e+02 9.470610e-03 9.999750e-02 1.018784e-02 
1.899990e+02 9.622457e-03 1.000625e-01 1.031535e-02 
1.999915e+02 9.763410e-03 3.333194e-02 1.042942e-02 
2.500015e+02 1.027874e-02 1.999830e-02 1.085410e-02 
3.000000e+02 1.064431e-02 1.999880e-02 1.112367e-02 
3.500075e+02 1.091620e-02 1.999990e-02 1.130446e-02 
4.000005e+02 1.111557e-02 2.000220e-02 1.142971e-02 
4.499965e+02 1.127046e-02 1.999900e-02 1.151796e-02 
5.000055e+02 1.139633e-02 2.000040e-02 1.158034e-02 
5.499945e+02 1.147321e-02 2.000070e-02 1.162385e-02 
6.000020e+02 1.154507e-02 1.999730e-02 1.165325e-02 
6.500080e+02 1.159119e-02 2.000220e-02 1.167178e-02 
6.999910e+02 1.164020e-02 2.000050e-02 1.168177e-02 
7.500055e+02 1.163862e-02 2.000000e-02 1.168493e-02 
7.999910e+02 1.167964e-02 1.999990e-02 1.168253e-02 
8.500060e+02 1.167321e-02 1.999880e-02 1.167557e-02 
8.999970e+02 1.167901e-02 2.000490e-02 1.166480e-02 
9.499815e+02 1.168604e-02 1.999840e-02 1.165082e-02 
1.000005e+03 1.166836e-02 1.904719e-03 1.163411e-02 
2.000005e+03 1.111454e-02 9.999950e-04 1.104231e-02 
3.000015e+03 1.033665e-02 9.999975e-04 1.029510e-02 
4.000010e+03 9.538213e-03 1.000003e-03 9.509042e-03 
5.000010e+03 8.726834e-03 1.000003e-03 8.707442e-03 
6.000005e+03 7.884496e-03 9.999950e-04 7.898076e-03 
7.000020e+03 7.056643e-03 1.000003e-03 7.084254e-03 
8.000000e+03 6.246007e-03 1.000008e-03 6.267685e-03 
9.000005e+03 5.412111e-03 1.000000e-03 5.449245e-03 
1.000000e+04 4.612014e-03 1.000003e-03 4.629518e-03 
1.100000e+04 3.775036e-03 1.000000e-03 3.808846e-03 
1.200000e+04 2.960360e-03 1.000000e-03 2.987467e-03 
1.300000e+04 2.140715e-03 1.000000e-03 2.165544e-03 
1.400000e+04 1.339349e-03 1.000000e-03 1.343195e-03 
1.500000e+04 5.190348e-04 1.000000e-03 5.205042e-04 
1.600000e+04 -2.998329e-04 1.000000e-03 -3.024642e-04 
1.700000e+04 -1.121181e-03 1.000000e-03 -1.125661e-03 
1.800000e+04 -1.944724e-03 1.000000e-03 -1.949049e-03 
1.900000e+04 -2.739245e-03 1.000000e-03 -2.772596e-03 
